RISC OS 3.70 (30 Jul 1996)

1203,191-01
          Bits    15      8             7      0
Address
         1203,191-01 ROM1-B   1203,191-01 ROM1-A
0                  7      0             7      0
                   11110001             00010000
1                  7      0             7      0
                   11110000             00110100
2                  7      0             7      0
                   11110000             00110100
3                  7      0             7      0
                   11110000             00110100
4                  7      0             7      0
                   11110000             00110100

         1203,191-01 ROM1-D   1203,191-01 ROM1-C
n-4                7      0             7      0
                   11111111             11111111
n-3                7      0             7      0
                   11111111             11111111
n-2                7      0             7      0
                   00000111             00011010
n-1                7      0             7      0
                   01100111             11110110
n                  7      0             7      0
                   11100110             00100101


1203,192-01
          Bits    15      8             7      0
Address
         1203,192-01 ROM2-B   1203,192-01 ROM2-A
0                  7      0             7      0
                   11100101             10011111
1                  7      0             7      0
                   11100101             10011111
2                  7      0             7      0
                   11100101             10011111
3                  7      0             7      0
                   11100101             10011111
4                  7      0             7      0
                   11100101             10011111

         1203,192-01 ROM2-D   1203,192-01 ROM2-C
n-4                7      0             7      0
                   11111111             11111111
n-3                7      0             7      0
                   11111111             11111111
n-2                7      0             7      0
                   00001010             00101111
n-1                7      0             7      0
                   01000010             11110011
n                  7      0             7      0
                   11011100             10101000
