
RISC OS 3.71 (19 Feb 1997)

1203,261-01
          Bits    15      8             7      0
Address
         1203,261-01 ROM1-B   1203,261-01 ROM1-A
0                  7      0             7      0
                   11110001             00010000
1                  7      0             7      0
                   11110000             00110100
2                  7      0             7      0
                   11110000             00110100
3                  7      0             7      0
                   11110000             00110100
4                  7      0             7      0
                   11110000             00110100

         1203,261-01 ROM1-D   1203,261-01 ROM1-C
n-4                7      0             7      0
                   11111111             11111111
n-3                7      0             7      0
                   11111111             11111111
n-2                7      0             7      0
                   11001100             01001010
n-1                7      0             7      0
                   11011100             00001010
n                  7      0             7      0
                   10101000             11110110


1203,262-01
          Bits    15      8             7      0
Address
         1203,262-01 ROM2-B   1203,262-01 ROM2-A
0                  7      0             7      0
                   11100101             10011111
1                  7      0             7      0
                   11100101             10011111
2                  7      0             7      0
                   11100101             10011111
3                  7      0             7      0
                   11100101             10011111
4                  7      0             7      0
                   11100101             10011111

         1203,262-01 ROM2-D   1203,262-01 ROM2-C
n-4                7      0             7      0
                   11111111             11111111
n-3                7      0             7      0
                   11111111             11111111
n-2                7      0             7      0
                   00100111             10101111
n-1                7      0             7      0
                   11111010             10010101
n                  7      0             7      0
                   11000010             00010101
