; YUV<->pixel tables, generated Feb 19 1997
pixel_to_yuv_table ; word i is the closest yuv value to VIDC1 8bpp pixel i
 DCB 128, 128, 0, 0, 128, 128, 17, 0, 128, 128, 34, 0, 128, 128, 50, 0
 DCB 162, 116, 20, 0, 162, 116, 37, 0, 162, 116, 54, 0, 162, 116, 71, 0
 DCB 122, 162, 7, 0, 122, 162, 24, 0, 122, 162, 41, 0, 122, 162, 58, 0
 DCB 156, 150, 28, 0, 156, 150, 45, 0, 156, 150, 62, 0, 156, 150, 79, 0
 DCB 196, 105, 40, 0, 196, 105, 57, 0, 196, 105, 74, 0, 196, 105, 91, 0
 DCB 230, 93, 60, 0, 230, 93, 77, 0, 230, 93, 94, 0, 230, 93, 111, 0
 DCB 190, 139, 48, 0, 190, 139, 65, 0, 190, 139, 82, 0, 190, 139, 99, 0
 DCB 224, 127, 68, 0, 224, 127, 85, 0, 224, 127, 102, 0, 224, 127, 119, 0
 DCB 99, 105, 39, 0, 99, 105, 56, 0, 99, 105, 73, 0, 99, 105, 90, 0
 DCB 133, 94, 60, 0, 133, 94, 77, 0, 133, 94, 94, 0, 133, 94, 111, 0
 DCB 94, 139, 47, 0, 94, 139, 64, 0, 94, 139, 81, 0, 94, 139, 98, 0
 DCB 128, 128, 68, 0, 128, 128, 85, 0, 128, 128, 101, 0, 128, 128, 119, 0
 DCB 167, 82, 80, 0, 167, 82, 97, 0, 167, 82, 114, 0, 167, 82, 131, 0
 DCB 201, 71, 100, 0, 201, 71, 117, 0, 201, 71, 134, 0, 201, 71, 151, 0
 DCB 162, 116, 88, 0, 162, 116, 105, 0, 162, 116, 122, 0, 162, 116, 139, 0
 DCB 196, 105, 108, 0, 196, 105, 125, 0, 196, 105, 142, 0, 196, 105, 159, 0
 DCB 71, 82, 79, 0, 71, 82, 96, 0, 71, 82, 113, 0, 71, 82, 130, 0
 DCB 105, 71, 100, 0, 105, 71, 117, 0, 105, 71, 134, 0, 105, 71, 151, 0
 DCB 65, 116, 87, 0, 65, 116, 104, 0, 65, 116, 121, 0, 65, 116, 138, 0
 DCB 99, 105, 107, 0, 99, 105, 124, 0, 99, 105, 141, 0, 99, 105, 158, 0
 DCB 139, 60, 120, 0, 139, 60, 137, 0, 139, 60, 154, 0, 139, 60, 171, 0
 DCB 173, 48, 140, 0, 173, 48, 157, 0, 173, 48, 174, 0, 173, 48, 191, 0
 DCB 133, 94, 128, 0, 133, 94, 145, 0, 133, 94, 162, 0, 133, 94, 179, 0
 DCB 167, 82, 148, 0, 167, 82, 165, 0, 167, 82, 182, 0, 167, 82, 199, 0
 DCB 42, 60, 119, 0, 42, 60, 136, 0, 42, 60, 153, 0, 42, 60, 170, 0
 DCB 76, 48, 140, 0, 76, 48, 157, 0, 76, 48, 174, 0, 76, 48, 191, 0
 DCB 37, 94, 127, 0, 37, 94, 144, 0, 37, 94, 161, 0, 37, 94, 178, 0
 DCB 71, 82, 147, 0, 71, 82, 164, 0, 71, 82, 181, 0, 71, 82, 198, 0
 DCB 110, 37, 160, 0, 110, 37, 177, 0, 110, 37, 194, 0, 110, 37, 211, 0
 DCB 144, 26, 180, 0, 144, 26, 197, 0, 144, 26, 214, 0, 144, 26, 231, 0
 DCB 105, 71, 168, 0, 105, 71, 185, 0, 105, 71, 202, 0, 105, 71, 219, 0
 DCB 139, 60, 188, 0, 139, 60, 205, 0, 139, 60, 222, 0, 139, 60, 239, 0
 DCB 116, 196, 15, 0, 116, 196, 32, 0, 116, 196, 49, 0, 116, 196, 66, 0
 DCB 150, 184, 35, 0, 150, 184, 52, 0, 150, 184, 69, 0, 150, 184, 86, 0
 DCB 111, 230, 23, 0, 111, 230, 40, 0, 111, 230, 57, 0, 111, 230, 74, 0
 DCB 145, 218, 43, 0, 145, 218, 60, 0, 145, 218, 77, 0, 145, 218, 94, 0
 DCB 184, 173, 56, 0, 184, 173, 73, 0, 184, 173, 90, 0, 184, 173, 107, 0
 DCB 218, 161, 76, 0, 218, 161, 93, 0, 218, 161, 110, 0, 218, 161, 127, 0
 DCB 179, 207, 63, 0, 179, 207, 80, 0, 179, 207, 97, 0, 179, 207, 114, 0
 DCB 213, 195, 84, 0, 213, 195, 101, 0, 213, 195, 118, 0, 213, 195, 135, 0
 DCB 88, 173, 55, 0, 88, 173, 72, 0, 88, 173, 89, 0, 88, 173, 106, 0
 DCB 122, 162, 75, 0, 122, 162, 92, 0, 122, 162, 109, 0, 122, 162, 126, 0
 DCB 82, 207, 63, 0, 82, 207, 80, 0, 82, 207, 97, 0, 82, 207, 114, 0
 DCB 116, 196, 83, 0, 116, 196, 100, 0, 116, 196, 117, 0, 116, 196, 134, 0
 DCB 156, 150, 96, 0, 156, 150, 113, 0, 156, 150, 130, 0, 156, 150, 147, 0
 DCB 190, 139, 116, 0, 190, 139, 133, 0, 190, 139, 150, 0, 190, 139, 167, 0
 DCB 150, 184, 103, 0, 150, 184, 120, 0, 150, 184, 137, 0, 150, 184, 154, 0
 DCB 184, 173, 124, 0, 184, 173, 141, 0, 184, 173, 158, 0, 184, 173, 175, 0
 DCB 60, 150, 95, 0, 60, 150, 112, 0, 60, 150, 129, 0, 60, 150, 146, 0
 DCB 94, 139, 115, 0, 94, 139, 132, 0, 94, 139, 149, 0, 94, 139, 166, 0
 DCB 54, 184, 103, 0, 54, 184, 120, 0, 54, 184, 137, 0, 54, 184, 154, 0
 DCB 88, 173, 123, 0, 88, 173, 140, 0, 88, 173, 157, 0, 88, 173, 174, 0
 DCB 128, 128, 136, 0, 128, 128, 153, 0, 128, 128, 170, 0, 128, 128, 187, 0
 DCB 162, 116, 156, 0, 162, 116, 173, 0, 162, 116, 190, 0, 162, 116, 207, 0
 DCB 122, 162, 143, 0, 122, 162, 160, 0, 122, 162, 177, 0, 122, 162, 194, 0
 DCB 156, 150, 164, 0, 156, 150, 181, 0, 156, 150, 198, 0, 156, 150, 215, 0
 DCB 31, 128, 135, 0, 31, 128, 152, 0, 31, 128, 169, 0, 31, 128, 186, 0
 DCB 65, 116, 155, 0, 65, 116, 172, 0, 65, 116, 189, 0, 65, 116, 206, 0
 DCB 26, 162, 143, 0, 26, 162, 160, 0, 26, 162, 177, 0, 26, 162, 194, 0
 DCB 60, 150, 163, 0, 60, 150, 180, 0, 60, 150, 197, 0, 60, 150, 214, 0
 DCB 99, 105, 175, 0, 99, 105, 192, 0, 99, 105, 209, 0, 99, 105, 226, 0
 DCB 133, 94, 196, 0, 133, 94, 213, 0, 133, 94, 230, 0, 133, 94, 247, 0
 DCB 94, 139, 183, 0, 94, 139, 200, 0, 94, 139, 217, 0, 94, 139, 234, 0
 DCB 128, 128, 203, 0, 128, 128, 221, 0, 128, 128, 238, 0, 128, 128, 255, 0

yuv_to_pixel_table
yuvtab_ybits * 5
yuvtab_ubits * 4
yuvtab_vbits * 4
; A byte table indexed by yuv value, returns the closest 8bpp pixel
 ; y=0
 DCB 64, 64, 64, 33, 32, 32, 32, 32, 1, 1, 4, 4, 16, 16, 16, 20
 DCB 64, 64, 64, 32, 32, 32, 32, 32, 1, 1, 4, 4, 16, 16, 16, 20
 DCB 64, 64, 33, 32, 32, 32, 32, 32, 1, 1, 4, 4, 16, 16, 16, 20
 DCB 64, 64, 32, 32, 32, 32, 32, 1, 1, 1, 4, 4, 16, 16, 16, 20
 DCB 64, 33, 32, 32, 32, 32, 32, 1, 0, 1, 4, 4, 16, 16, 16, 20
 DCB 64, 33, 32, 32, 32, 32, 1, 0, 0, 1, 4, 4, 16, 16, 16, 20
 DCB 33, 32, 32, 32, 32, 32, 1, 0, 0, 1, 4, 4, 16, 16, 16, 20
 DCB 33, 32, 32, 32, 32, 1, 0, 0, 0, 1, 4, 4, 16, 16, 16, 20
 DCB 33, 32, 32, 32, 1, 1, 1, 0, 0, 1, 4, 5, 5, 16, 17, 20
 DCB 40, 40, 40, 40, 2, 1, 8, 8, 8, 2, 12, 12, 6, 24, 24, 28
 DCB 40, 40, 40, 40, 9, 8, 8, 8, 8, 9, 12, 12, 13, 24, 24, 28
 DCB 41, 160, 10, 9, 9, 9, 9, 9, 9, 9, 132, 13, 13, 144, 25, 26
 DCB 160, 160, 160, 129, 128, 128, 128, 128, 128, 129, 132, 132, 144, 144, 144, 148
 DCB 160, 160, 129, 129, 129, 129, 129, 129, 129, 129, 132, 133, 133, 144, 145, 145
 DCB 168, 168, 136, 136, 136, 136, 136, 136, 136, 140, 140, 140, 152, 152, 152, 156
 DCB 168, 137, 137, 137, 136, 136, 136, 136, 137, 137, 140, 141, 141, 152, 153, 153
 ; y=8
 DCB 64, 64, 64, 64, 33, 32, 32, 32, 32, 2, 4, 5, 16, 16, 17, 20
 DCB 64, 64, 64, 33, 32, 32, 32, 32, 1, 1, 4, 5, 16, 16, 17, 20
 DCB 64, 64, 64, 33, 32, 32, 32, 32, 1, 1, 4, 4, 16, 16, 17, 20
 DCB 64, 64, 33, 32, 32, 32, 32, 32, 1, 4, 4, 4, 16, 16, 17, 20
 DCB 64, 64, 33, 32, 32, 32, 32, 1, 1, 4, 4, 4, 16, 16, 17, 20
 DCB 64, 33, 32, 32, 32, 32, 32, 1, 1, 4, 4, 4, 16, 16, 17, 20
 DCB 64, 33, 32, 32, 32, 32, 1, 0, 1, 4, 4, 4, 16, 16, 17, 20
 DCB 33, 32, 32, 32, 32, 32, 1, 0, 0, 4, 4, 4, 16, 16, 17, 20
 DCB 33, 33, 33, 32, 32, 1, 1, 1, 1, 1, 4, 5, 16, 16, 17, 20
 DCB 40, 40, 40, 40, 40, 8, 8, 8, 8, 12, 12, 12, 24, 24, 24, 28
 DCB 41, 40, 40, 40, 9, 9, 9, 8, 9, 12, 12, 13, 24, 24, 25, 28
 DCB 160, 160, 160, 160, 9, 128, 128, 128, 128, 132, 132, 13, 144, 144, 25, 148
 DCB 160, 160, 160, 129, 129, 128, 128, 128, 128, 132, 132, 133, 144, 144, 145, 148
 DCB 161, 168, 130, 129, 129, 129, 129, 129, 129, 130, 133, 133, 134, 145, 145, 156
 DCB 168, 168, 168, 136, 136, 136, 136, 136, 136, 140, 140, 140, 152, 152, 152, 156
 DCB 168, 137, 137, 137, 137, 137, 137, 137, 137, 137, 141, 141, 141, 153, 153, 156
 ; y=16
 DCB 64, 64, 64, 64, 33, 32, 32, 32, 32, 36, 5, 5, 16, 16, 17, 20
 DCB 64, 64, 64, 64, 33, 32, 32, 32, 32, 36, 5, 5, 16, 16, 17, 20
 DCB 64, 64, 64, 33, 32, 32, 32, 32, 1, 4, 4, 5, 16, 16, 17, 20
 DCB 64, 64, 64, 33, 32, 32, 32, 32, 1, 4, 4, 5, 16, 16, 17, 20
 DCB 64, 64, 33, 32, 32, 32, 32, 32, 1, 4, 4, 5, 16, 16, 17, 20
 DCB 64, 64, 33, 32, 32, 32, 32, 1, 1, 4, 4, 5, 16, 16, 17, 20
 DCB 64, 33, 32, 32, 32, 32, 32, 1, 1, 4, 4, 5, 16, 16, 17, 20
 DCB 64, 33, 32, 32, 32, 32, 32, 1, 1, 4, 4, 5, 16, 16, 17, 20
 DCB 33, 33, 33, 33, 32, 1, 1, 1, 1, 4, 5, 5, 16, 17, 17, 20
 DCB 40, 40, 40, 40, 40, 40, 8, 8, 8, 12, 12, 12, 24, 24, 25, 28
 DCB 41, 41, 40, 40, 9, 9, 9, 9, 9, 12, 13, 13, 24, 25, 25, 28
 DCB 160, 160, 160, 160, 160, 128, 128, 128, 128, 132, 132, 132, 144, 144, 144, 148
 DCB 161, 160, 160, 160, 129, 129, 128, 128, 129, 132, 132, 133, 144, 144, 145, 148
 DCB 168, 168, 168, 130, 129, 136, 136, 136, 129, 140, 140, 133, 152, 152, 146, 156
 DCB 168, 168, 168, 137, 137, 136, 136, 136, 137, 140, 140, 141, 152, 152, 153, 156
 DCB 169, 138, 137, 137, 137, 137, 137, 137, 137, 138, 141, 141, 142, 153, 153, 157
 ; y=24
 DCB 64, 64, 64, 64, 64, 33, 32, 32, 36, 36, 5, 5, 16, 16, 20, 20
 DCB 64, 64, 64, 64, 64, 32, 32, 32, 36, 36, 5, 5, 16, 16, 20, 20
 DCB 64, 64, 64, 64, 33, 32, 32, 32, 2, 36, 5, 5, 16, 16, 20, 20
 DCB 64, 64, 64, 64, 32, 32, 32, 32, 2, 4, 5, 5, 16, 16, 20, 20
 DCB 64, 64, 64, 33, 32, 32, 32, 32, 1, 4, 5, 16, 16, 16, 20, 20
 DCB 64, 64, 64, 32, 32, 32, 32, 32, 1, 4, 4, 16, 16, 16, 20, 20
 DCB 64, 64, 33, 32, 32, 32, 32, 1, 1, 4, 4, 16, 16, 16, 20, 20
 DCB 64, 33, 33, 32, 32, 32, 32, 1, 1, 4, 4, 5, 16, 17, 20, 20
 DCB 34, 33, 33, 33, 40, 40, 2, 1, 2, 12, 5, 5, 24, 17, 18, 28
 DCB 72, 41, 40, 40, 40, 40, 9, 9, 9, 12, 12, 24, 24, 24, 28, 28
 DCB 41, 41, 41, 41, 40, 9, 9, 9, 9, 12, 13, 13, 24, 25, 25, 29
 DCB 160, 160, 160, 160, 160, 129, 128, 128, 132, 132, 132, 144, 144, 144, 148, 148
 DCB 161, 161, 160, 160, 129, 129, 129, 129, 129, 132, 133, 133, 144, 145, 145, 148
 DCB 168, 168, 168, 168, 136, 136, 136, 136, 140, 140, 140, 152, 152, 152, 156, 156
 DCB 168, 168, 168, 137, 137, 137, 136, 136, 137, 140, 141, 141, 152, 153, 156, 156
 DCB 169, 169, 138, 138, 137, 137, 137, 137, 138, 141, 141, 142, 153, 153, 154, 157
 ; y=32
 DCB 65, 64, 64, 64, 64, 64, 33, 33, 36, 36, 36, 6, 16, 17, 20, 20
 DCB 65, 64, 64, 64, 64, 33, 32, 33, 36, 36, 5, 16, 16, 17, 20, 20
 DCB 64, 64, 64, 64, 64, 33, 32, 32, 36, 36, 5, 16, 16, 17, 20, 20
 DCB 64, 64, 64, 64, 33, 32, 32, 32, 36, 36, 5, 16, 16, 17, 20, 20
 DCB 64, 64, 64, 64, 33, 32, 32, 32, 36, 5, 5, 16, 16, 17, 20, 20
 DCB 64, 64, 64, 33, 32, 32, 32, 32, 36, 5, 5, 16, 16, 17, 20, 20
 DCB 64, 64, 64, 33, 32, 32, 32, 32, 2, 4, 5, 16, 16, 17, 20, 20
 DCB 64, 64, 33, 33, 33, 32, 32, 2, 2, 5, 5, 16, 16, 17, 20, 20
 DCB 72, 72, 40, 40, 40, 40, 40, 2, 2, 12, 12, 24, 24, 24, 28, 28
 DCB 72, 41, 41, 40, 40, 40, 40, 9, 9, 12, 13, 24, 24, 25, 28, 28
 DCB 42, 41, 41, 160, 160, 160, 9, 10, 10, 132, 13, 144, 144, 25, 148, 29
 DCB 161, 160, 160, 160, 160, 160, 129, 129, 132, 132, 132, 144, 144, 145, 148, 148
 DCB 161, 161, 161, 160, 160, 129, 129, 129, 129, 133, 133, 134, 145, 145, 148, 149
 DCB 168, 168, 168, 168, 168, 136, 136, 136, 140, 140, 140, 152, 152, 152, 156, 156
 DCB 169, 169, 168, 168, 137, 137, 137, 137, 137, 140, 141, 152, 153, 153, 156, 157
 DCB 169, 169, 138, 138, 138, 137, 137, 137, 138, 141, 141, 142, 153, 154, 154, 157
 ; y=40
 DCB 96, 65, 64, 64, 64, 64, 33, 33, 36, 36, 36, 48, 17, 17, 20, 20
 DCB 65, 64, 64, 64, 64, 64, 33, 33, 36, 36, 36, 48, 17, 17, 20, 20
 DCB 65, 64, 64, 64, 64, 33, 33, 33, 36, 36, 5, 16, 17, 17, 20, 20
 DCB 64, 64, 64, 64, 64, 33, 32, 33, 36, 36, 5, 16, 16, 17, 20, 20
 DCB 64, 64, 64, 64, 33, 32, 32, 33, 36, 36, 5, 16, 16, 17, 20, 20
 DCB 64, 64, 64, 64, 33, 32, 32, 32, 36, 5, 5, 16, 16, 17, 20, 20
 DCB 64, 64, 64, 33, 32, 32, 32, 32, 36, 5, 5, 16, 16, 17, 20, 20
 DCB 64, 64, 33, 33, 33, 33, 32, 2, 2, 5, 5, 16, 17, 17, 20, 21
 DCB 72, 72, 72, 40, 40, 40, 40, 2, 3, 12, 6, 24, 24, 28, 28, 28
 DCB 72, 72, 41, 41, 40, 40, 40, 10, 10, 13, 13, 24, 25, 25, 28, 29
 DCB 192, 42, 160, 160, 160, 160, 160, 10, 10, 132, 14, 144, 144, 26, 148, 148
 DCB 192, 161, 161, 160, 160, 160, 129, 129, 132, 132, 133, 144, 144, 145, 148, 148
 DCB 162, 161, 161, 168, 168, 130, 129, 130, 130, 133, 133, 152, 145, 145, 156, 149
 DCB 169, 168, 168, 168, 168, 168, 137, 137, 140, 140, 141, 152, 152, 153, 156, 156
 DCB 169, 169, 169, 168, 137, 137, 137, 137, 140, 141, 141, 152, 153, 153, 156, 157
 DCB 169, 169, 169, 138, 138, 138, 137, 138, 138, 141, 142, 142, 153, 154, 154, 157
 ; y=48
 DCB 96, 65, 64, 64, 64, 64, 64, 33, 36, 36, 48, 48, 17, 17, 20, 20
 DCB 96, 65, 64, 64, 64, 64, 33, 33, 36, 36, 48, 48, 17, 17, 20, 20
 DCB 65, 64, 64, 64, 64, 64, 33, 33, 36, 36, 48, 48, 17, 20, 20, 20
 DCB 65, 64, 64, 64, 64, 64, 33, 33, 36, 36, 6, 17, 17, 20, 20, 20
 DCB 64, 64, 64, 64, 64, 33, 33, 33, 36, 36, 6, 16, 17, 20, 20, 20
 DCB 64, 64, 64, 64, 64, 33, 33, 33, 36, 36, 5, 16, 17, 20, 20, 20
 DCB 64, 64, 64, 64, 33, 32, 32, 33, 36, 5, 5, 16, 16, 20, 20, 20
 DCB 65, 65, 64, 33, 33, 33, 33, 2, 3, 6, 6, 17, 17, 17, 21, 21
 DCB 72, 72, 72, 41, 40, 40, 40, 3, 3, 13, 13, 24, 24, 28, 28, 28
 DCB 72, 72, 41, 41, 41, 41, 41, 10, 10, 13, 13, 24, 25, 25, 28, 29
 DCB 192, 192, 160, 160, 160, 160, 160, 11, 11, 132, 144, 144, 144, 148, 148, 148
 DCB 192, 161, 161, 161, 160, 160, 160, 130, 133, 133, 133, 144, 145, 148, 148, 149
 DCB 200, 162, 168, 168, 168, 168, 130, 130, 140, 140, 152, 152, 152, 156, 156, 156
 DCB 200, 169, 168, 168, 168, 168, 137, 137, 140, 140, 141, 152, 153, 156, 156, 157
 DCB 169, 169, 169, 169, 138, 138, 138, 138, 141, 141, 142, 153, 153, 154, 157, 157
 DCB 170, 169, 169, 169, 138, 138, 138, 138, 141, 141, 142, 153, 153, 154, 157, 157
 ; y=56
 DCB 96, 96, 65, 64, 64, 64, 64, 34, 37, 37, 48, 48, 48, 18, 21, 21
 DCB 96, 96, 65, 64, 64, 64, 64, 34, 36, 37, 48, 48, 17, 20, 20, 21
 DCB 96, 65, 64, 64, 64, 64, 33, 33, 36, 37, 48, 48, 17, 20, 20, 21
 DCB 96, 65, 64, 64, 64, 64, 33, 36, 36, 36, 48, 48, 17, 20, 20, 21
 DCB 65, 64, 64, 64, 64, 64, 33, 36, 36, 36, 48, 17, 17, 20, 20, 21
 DCB 65, 64, 64, 64, 64, 33, 33, 36, 36, 36, 48, 17, 17, 20, 20, 21
 DCB 65, 64, 64, 64, 33, 33, 33, 36, 36, 6, 6, 17, 17, 20, 20, 21
 DCB 65, 72, 72, 72, 33, 33, 33, 3, 3, 6, 6, 17, 17, 28, 28, 21
 DCB 72, 72, 72, 72, 41, 40, 41, 3, 44, 13, 24, 24, 25, 28, 28, 29
 DCB 73, 72, 42, 41, 41, 41, 41, 11, 11, 14, 14, 25, 25, 28, 29, 29
 DCB 192, 192, 192, 160, 160, 160, 160, 11, 11, 133, 144, 144, 144, 148, 148, 149
 DCB 192, 192, 161, 161, 161, 160, 130, 130, 133, 133, 134, 145, 145, 148, 149, 149
 DCB 200, 200, 168, 168, 168, 168, 130, 131, 140, 140, 152, 152, 152, 156, 156, 156
 DCB 200, 169, 169, 169, 168, 168, 138, 138, 141, 141, 152, 152, 153, 156, 156, 157
 DCB 170, 170, 169, 169, 169, 138, 138, 138, 141, 141, 142, 153, 153, 154, 157, 158
 DCB 170, 169, 169, 169, 138, 138, 138, 138, 141, 141, 142, 153, 154, 154, 157, 158
 ; y=64
 DCB 96, 96, 96, 65, 64, 64, 64, 68, 37, 37, 48, 48, 52, 52, 21, 21
 DCB 96, 96, 65, 64, 64, 64, 64, 68, 37, 37, 48, 48, 18, 52, 21, 21
 DCB 96, 96, 65, 64, 64, 64, 64, 68, 37, 37, 48, 48, 18, 20, 21, 21
 DCB 96, 65, 64, 64, 64, 64, 33, 36, 37, 37, 48, 48, 17, 20, 21, 21
 DCB 96, 65, 64, 64, 64, 64, 33, 36, 36, 37, 48, 48, 17, 20, 20, 21
 DCB 65, 64, 64, 64, 64, 64, 33, 36, 36, 37, 48, 17, 17, 20, 20, 21
 DCB 65, 65, 64, 64, 64, 33, 33, 36, 37, 6, 6, 17, 17, 20, 21, 21
 DCB 72, 72, 72, 72, 72, 34, 34, 3, 44, 7, 7, 18, 18, 28, 28, 22
 DCB 73, 72, 72, 72, 41, 41, 41, 44, 44, 14, 14, 25, 25, 28, 29, 29
 DCB 192, 192, 192, 192, 41, 41, 42, 11, 11, 14, 14, 25, 26, 148, 29, 30
 DCB 192, 192, 192, 161, 161, 160, 161, 164, 164, 133, 144, 144, 145, 148, 148, 149
 DCB 193, 192, 162, 161, 161, 161, 161, 131, 134, 134, 134, 145, 145, 149, 149, 149
 DCB 200, 200, 200, 168, 168, 168, 131, 131, 141, 141, 152, 152, 156, 156, 156, 157
 DCB 200, 169, 169, 169, 169, 169, 138, 138, 141, 141, 152, 153, 153, 156, 157, 157
 DCB 170, 170, 170, 169, 169, 138, 138, 139, 142, 142, 142, 153, 154, 157, 157, 158
 DCB 170, 170, 169, 169, 169, 138, 138, 139, 141, 142, 142, 153, 154, 157, 157, 158
 ; y=72
 DCB 96, 96, 96, 96, 64, 64, 68, 68, 68, 37, 48, 49, 52, 52, 21, 21
 DCB 96, 96, 96, 65, 64, 64, 68, 68, 37, 37, 48, 48, 52, 52, 21, 21
 DCB 96, 96, 96, 64, 64, 64, 68, 68, 37, 37, 48, 48, 52, 52, 21, 21
 DCB 96, 96, 65, 64, 64, 64, 68, 68, 37, 37, 48, 48, 52, 21, 21, 21
 DCB 96, 96, 64, 64, 64, 64, 34, 37, 37, 48, 48, 48, 18, 21, 21, 21
 DCB 96, 65, 64, 64, 64, 64, 33, 36, 37, 48, 48, 48, 18, 20, 21, 21
 DCB 65, 65, 65, 65, 64, 34, 34, 37, 37, 7, 7, 18, 18, 21, 21, 21
 DCB 72, 72, 72, 72, 72, 34, 34, 44, 44, 7, 7, 18, 18, 28, 28, 22
 DCB 73, 73, 72, 72, 72, 41, 42, 44, 45, 14, 25, 25, 26, 28, 29, 29
 DCB 192, 192, 192, 192, 192, 42, 42, 164, 164, 15, 15, 26, 26, 148, 148, 30
 DCB 193, 192, 192, 192, 161, 161, 161, 164, 164, 134, 145, 145, 148, 148, 149, 149
 DCB 200, 200, 200, 162, 161, 161, 131, 131, 134, 134, 135, 145, 156, 156, 149, 150
 DCB 200, 200, 200, 169, 169, 169, 131, 172, 141, 141, 152, 153, 156, 156, 157, 157
 DCB 201, 200, 169, 169, 169, 169, 139, 139, 142, 142, 153, 153, 154, 157, 157, 158
 DCB 170, 170, 170, 169, 169, 169, 139, 139, 142, 142, 153, 153, 154, 157, 157, 158
 DCB 170, 170, 170, 169, 169, 138, 139, 139, 142, 142, 153, 153, 154, 157, 157, 158
 ; y=80
 DCB 96, 96, 96, 96, 65, 65, 68, 68, 68, 80, 49, 49, 52, 52, 22, 22
 DCB 96, 96, 96, 96, 65, 65, 68, 68, 68, 38, 49, 49, 52, 52, 21, 22
 DCB 96, 96, 96, 65, 64, 65, 68, 68, 37, 48, 48, 49, 52, 52, 21, 21
 DCB 96, 96, 96, 65, 64, 64, 68, 68, 37, 48, 48, 49, 52, 52, 21, 21
 DCB 96, 96, 65, 64, 64, 64, 68, 68, 37, 48, 48, 48, 52, 21, 21, 21
 DCB 96, 96, 65, 64, 64, 64, 68, 37, 37, 48, 48, 48, 52, 21, 21, 21
 DCB 66, 65, 65, 65, 65, 34, 34, 37, 38, 7, 7, 18, 18, 21, 22, 22
 DCB 104, 73, 72, 72, 72, 72, 35, 44, 45, 56, 56, 19, 19, 28, 29, 29
 DCB 73, 73, 73, 73, 72, 42, 42, 45, 45, 15, 15, 26, 26, 29, 29, 30
 DCB 192, 192, 192, 192, 192, 42, 42, 164, 164, 15, 15, 26, 148, 148, 148, 30
 DCB 193, 193, 192, 192, 161, 161, 162, 165, 165, 134, 145, 145, 148, 149, 149, 149
 DCB 200, 200, 200, 200, 200, 162, 162, 172, 135, 135, 135, 146, 156, 156, 156, 150
 DCB 200, 200, 200, 200, 169, 169, 172, 172, 142, 142, 153, 153, 156, 156, 157, 157
 DCB 201, 201, 170, 170, 169, 169, 139, 139, 142, 142, 153, 154, 154, 157, 157, 158
 DCB 201, 170, 170, 170, 169, 170, 139, 139, 142, 142, 153, 154, 154, 157, 158, 158
 DCB 201, 170, 170, 169, 169, 139, 139, 139, 142, 142, 153, 154, 154, 157, 158, 158
 ; y=88
 DCB 96, 96, 96, 96, 96, 65, 68, 68, 68, 80, 49, 49, 52, 52, 22, 22
 DCB 96, 96, 96, 96, 65, 65, 68, 68, 68, 80, 49, 49, 52, 52, 22, 22
 DCB 96, 96, 96, 96, 65, 65, 68, 68, 38, 80, 49, 49, 52, 52, 22, 22
 DCB 96, 96, 96, 65, 65, 65, 68, 68, 37, 48, 49, 49, 52, 52, 22, 21
 DCB 96, 96, 96, 65, 64, 65, 68, 68, 37, 48, 48, 49, 52, 52, 21, 21
 DCB 96, 96, 65, 65, 65, 65, 68, 37, 38, 48, 49, 49, 52, 21, 22, 22
 DCB 104, 66, 65, 72, 72, 35, 35, 38, 38, 56, 56, 19, 19, 22, 22, 22
 DCB 104, 73, 73, 72, 72, 35, 35, 45, 45, 56, 56, 19, 19, 29, 29, 29
 DCB 74, 73, 73, 73, 73, 42, 42, 45, 46, 15, 26, 26, 27, 29, 30, 30
 DCB 193, 192, 192, 192, 192, 43, 43, 165, 165, 176, 176, 27, 148, 149, 149, 149
 DCB 193, 193, 193, 192, 162, 162, 162, 165, 165, 135, 146, 146, 149, 149, 149, 150
 DCB 200, 200, 200, 200, 200, 162, 172, 172, 135, 135, 135, 146, 156, 156, 157, 150
 DCB 201, 201, 200, 200, 169, 169, 172, 173, 142, 142, 153, 154, 156, 157, 157, 157
 DCB 201, 201, 170, 170, 170, 170, 139, 139, 143, 143, 154, 154, 154, 157, 158, 158
 DCB 201, 201, 170, 170, 170, 170, 139, 139, 143, 143, 154, 154, 157, 157, 158, 158
 DCB 201, 170, 170, 170, 170, 170, 139, 139, 142, 143, 154, 154, 157, 157, 158, 158
 ; y=96
 DCB 97, 96, 96, 96, 96, 65, 68, 69, 80, 80, 80, 50, 52, 53, 53, 22
 DCB 96, 96, 96, 96, 96, 65, 68, 68, 80, 80, 49, 49, 52, 53, 22, 22
 DCB 96, 96, 96, 96, 65, 65, 68, 68, 80, 80, 49, 52, 52, 52, 22, 22
 DCB 96, 96, 96, 96, 65, 65, 68, 68, 80, 80, 49, 52, 52, 52, 22, 22
 DCB 96, 96, 96, 96, 65, 65, 68, 68, 80, 49, 49, 52, 52, 52, 22, 22
 DCB 96, 96, 65, 65, 65, 65, 68, 38, 38, 49, 49, 49, 52, 22, 22, 22
 DCB 104, 104, 104, 72, 72, 35, 35, 38, 39, 56, 56, 19, 19, 22, 23, 22
 DCB 104, 104, 73, 73, 73, 73, 76, 45, 46, 57, 57, 60, 60, 29, 30, 30
 DCB 224, 74, 73, 192, 192, 43, 43, 46, 46, 176, 176, 27, 27, 30, 30, 30
 DCB 224, 193, 193, 192, 192, 43, 43, 165, 165, 176, 176, 27, 149, 149, 149, 149
 DCB 193, 193, 193, 193, 162, 162, 163, 166, 166, 135, 146, 146, 149, 150, 150, 150
 DCB 201, 200, 200, 200, 200, 163, 163, 173, 184, 184, 184, 147, 156, 157, 157, 157
 DCB 201, 201, 201, 200, 170, 170, 173, 173, 143, 143, 154, 154, 157, 157, 158, 158
 DCB 201, 201, 201, 170, 170, 170, 139, 173, 143, 143, 154, 154, 157, 157, 158, 158
 DCB 201, 201, 201, 170, 170, 170, 139, 143, 143, 143, 154, 154, 157, 157, 158, 158
 DCB 201, 201, 170, 170, 170, 170, 139, 143, 143, 143, 154, 154, 157, 157, 158, 158
 ; y=104
 DCB 97, 97, 96, 96, 96, 100, 69, 69, 80, 80, 80, 84, 53, 53, 53, 53
 DCB 97, 96, 96, 96, 96, 66, 69, 69, 80, 80, 80, 84, 53, 53, 53, 22
 DCB 97, 96, 96, 96, 96, 66, 68, 69, 80, 80, 49, 52, 53, 53, 53, 22
 DCB 96, 96, 96, 96, 65, 65, 68, 69, 80, 80, 49, 52, 52, 53, 22, 22
 DCB 96, 96, 96, 96, 65, 68, 68, 68, 80, 80, 49, 52, 52, 53, 22, 22
 DCB 97, 97, 96, 65, 66, 66, 69, 38, 39, 49, 50, 50, 53, 22, 22, 22
 DCB 104, 104, 104, 73, 73, 76, 76, 39, 39, 57, 57, 60, 60, 23, 23, 23
 DCB 104, 104, 73, 73, 73, 76, 76, 46, 46, 57, 57, 60, 60, 30, 30, 30
 DCB 224, 224, 224, 192, 192, 43, 43, 46, 47, 176, 27, 27, 180, 30, 31, 30
 DCB 224, 193, 193, 193, 193, 196, 196, 166, 166, 177, 177, 180, 149, 150, 150, 149
 DCB 232, 194, 200, 200, 200, 163, 163, 166, 166, 184, 147, 147, 150, 150, 150, 150
 DCB 232, 201, 200, 200, 200, 163, 173, 173, 184, 184, 184, 147, 157, 157, 157, 157
 DCB 201, 201, 201, 201, 170, 170, 173, 174, 143, 143, 154, 155, 157, 158, 158, 158
 DCB 202, 201, 201, 201, 170, 171, 171, 174, 143, 143, 154, 155, 158, 158, 158, 158
 DCB 201, 201, 201, 170, 170, 171, 171, 174, 143, 143, 154, 155, 157, 158, 158, 158
 DCB 201, 201, 201, 170, 170, 170, 139, 143, 143, 143, 154, 154, 157, 158, 158, 158
 ; y=112
 DCB 97, 97, 96, 96, 97, 100, 100, 69, 80, 80, 84, 84, 53, 53, 53, 53
 DCB 97, 97, 96, 96, 96, 100, 69, 69, 80, 80, 84, 84, 53, 53, 53, 53
 DCB 97, 96, 96, 96, 96, 100, 69, 69, 80, 80, 84, 84, 53, 53, 53, 22
 DCB 97, 96, 96, 96, 96, 100, 69, 69, 80, 80, 50, 52, 53, 53, 53, 22
 DCB 97, 96, 96, 96, 66, 66, 69, 69, 80, 80, 50, 53, 53, 53, 22, 22
 DCB 97, 97, 104, 66, 66, 66, 69, 39, 39, 50, 50, 50, 53, 23, 23, 23
 DCB 104, 104, 104, 104, 73, 76, 76, 39, 39, 57, 57, 60, 60, 23, 23, 23
 DCB 105, 104, 104, 73, 74, 74, 77, 46, 47, 58, 58, 61, 61, 30, 30, 30
 DCB 224, 224, 224, 193, 193, 196, 196, 47, 47, 177, 177, 180, 180, 31, 31, 31
 DCB 224, 224, 193, 193, 193, 196, 196, 166, 166, 177, 177, 180, 150, 150, 150, 150
 DCB 232, 232, 200, 200, 163, 163, 204, 166, 167, 184, 147, 147, 150, 151, 150, 150
 DCB 232, 201, 201, 201, 201, 204, 173, 174, 184, 185, 185, 188, 157, 158, 158, 157
 DCB 202, 202, 201, 201, 171, 171, 174, 174, 174, 185, 155, 155, 158, 158, 158, 158
 DCB 202, 202, 201, 201, 171, 171, 174, 174, 143, 143, 155, 155, 158, 158, 158, 158
 DCB 202, 201, 201, 201, 171, 171, 174, 174, 143, 143, 155, 155, 158, 158, 158, 158
 DCB 202, 201, 201, 170, 170, 171, 174, 174, 143, 143, 155, 155, 158, 158, 158, 158
 ; y=120
 DCB 97, 97, 97, 97, 97, 100, 100, 70, 80, 81, 84, 84, 53, 54, 53, 53
 DCB 97, 97, 96, 97, 100, 100, 100, 69, 80, 81, 84, 84, 53, 53, 53, 53
 DCB 97, 97, 96, 96, 100, 100, 69, 69, 80, 80, 84, 84, 53, 53, 53, 53
 DCB 97, 96, 96, 96, 100, 100, 69, 69, 80, 80, 84, 84, 53, 53, 53, 22
 DCB 97, 97, 96, 96, 66, 69, 69, 69, 80, 81, 50, 53, 53, 53, 23, 22
 DCB 104, 104, 104, 104, 67, 67, 70, 39, 39, 50, 51, 51, 54, 23, 23, 23
 DCB 105, 104, 104, 104, 74, 77, 77, 88, 88, 57, 58, 61, 61, 23, 23, 23
 DCB 105, 224, 224, 74, 74, 74, 77, 47, 47, 58, 58, 61, 61, 31, 31, 30
 DCB 224, 224, 224, 193, 193, 196, 196, 47, 208, 177, 180, 180, 180, 31, 31, 31
 DCB 225, 224, 193, 194, 194, 197, 197, 166, 167, 178, 178, 181, 150, 150, 150, 150
 DCB 232, 232, 232, 201, 201, 204, 204, 167, 167, 185, 188, 188, 151, 151, 151, 151
 DCB 232, 232, 201, 201, 201, 204, 174, 174, 185, 185, 185, 188, 158, 158, 158, 158
 DCB 202, 202, 202, 202, 171, 171, 174, 175, 175, 186, 155, 155, 158, 159, 158, 158
 DCB 202, 202, 201, 201, 171, 171, 174, 174, 143, 186, 155, 155, 158, 158, 158, 158
 DCB 202, 202, 201, 201, 171, 171, 174, 174, 143, 155, 155, 155, 158, 158, 158, 158
 DCB 202, 201, 201, 171, 171, 171, 174, 174, 143, 155, 155, 155, 158, 158, 158, 158
 ; y=128
 DCB 97, 97, 97, 97, 100, 100, 100, 112, 81, 81, 84, 84, 84, 54, 54, 53
 DCB 97, 97, 97, 97, 100, 100, 100, 112, 81, 81, 84, 84, 54, 54, 53, 53
 DCB 97, 97, 97, 97, 100, 100, 100, 70, 81, 81, 84, 84, 53, 54, 53, 53
 DCB 97, 97, 96, 97, 100, 100, 69, 80, 80, 81, 84, 84, 53, 53, 53, 53
 DCB 97, 97, 97, 97, 67, 100, 70, 70, 81, 81, 51, 54, 54, 54, 54, 23
 DCB 104, 104, 104, 104, 67, 67, 70, 88, 88, 51, 51, 51, 54, 23, 23, 23
 DCB 105, 105, 104, 105, 74, 77, 77, 88, 88, 58, 58, 61, 61, 61, 23, 30
 DCB 224, 224, 224, 74, 75, 75, 78, 47, 208, 59, 59, 62, 62, 31, 31, 31
 DCB 225, 224, 224, 194, 194, 197, 197, 208, 208, 178, 178, 181, 181, 31, 31, 150
 DCB 225, 232, 232, 194, 194, 197, 197, 167, 167, 178, 178, 181, 151, 151, 151, 150
 DCB 232, 232, 232, 201, 204, 204, 205, 167, 216, 185, 188, 188, 151, 151, 151, 151
 DCB 233, 232, 201, 202, 202, 205, 174, 175, 185, 186, 186, 189, 158, 159, 158, 158
 DCB 233, 202, 202, 202, 171, 171, 175, 175, 175, 186, 155, 155, 159, 159, 159, 158
 DCB 202, 202, 202, 202, 171, 171, 175, 175, 186, 186, 155, 155, 159, 159, 158, 158
 DCB 202, 202, 201, 202, 171, 171, 174, 175, 186, 186, 155, 155, 158, 159, 158, 158
 DCB 202, 202, 201, 202, 171, 171, 174, 175, 185, 155, 155, 155, 158, 158, 158, 158
 ; y=136
 DCB 97, 97, 97, 97, 100, 100, 101, 112, 112, 81, 84, 84, 85, 54, 54, 53
 DCB 97, 97, 97, 97, 100, 100, 112, 112, 81, 81, 84, 84, 54, 54, 54, 53
 DCB 97, 97, 97, 97, 100, 100, 112, 112, 81, 81, 84, 84, 54, 54, 53, 53
 DCB 97, 97, 97, 97, 100, 100, 70, 112, 81, 81, 84, 84, 54, 54, 53, 53
 DCB 98, 97, 97, 97, 67, 70, 70, 70, 81, 82, 51, 54, 54, 54, 54, 23
 DCB 105, 104, 104, 105, 108, 108, 71, 88, 88, 51, 92, 92, 55, 55, 23, 23
 DCB 105, 105, 105, 105, 75, 78, 78, 89, 89, 58, 59, 62, 62, 62, 31, 31
 DCB 224, 224, 224, 75, 75, 75, 78, 208, 208, 59, 59, 62, 62, 31, 31, 31
 DCB 225, 225, 225, 194, 194, 197, 197, 208, 209, 178, 181, 181, 181, 181, 150, 150
 DCB 232, 232, 232, 195, 195, 198, 198, 167, 216, 179, 179, 182, 151, 151, 151, 151
 DCB 232, 232, 232, 202, 202, 205, 205, 216, 216, 186, 189, 189, 189, 151, 151, 158
 DCB 233, 233, 202, 202, 202, 205, 175, 175, 186, 186, 186, 189, 159, 159, 159, 158
 DCB 233, 202, 202, 202, 202, 205, 175, 175, 186, 186, 155, 189, 159, 159, 159, 158
 DCB 233, 202, 202, 202, 171, 171, 175, 175, 186, 186, 155, 159, 159, 159, 159, 158
 DCB 202, 202, 202, 202, 171, 171, 175, 175, 186, 186, 155, 159, 159, 159, 158, 158
 DCB 202, 202, 202, 202, 171, 171, 175, 175, 186, 155, 155, 158, 159, 159, 158, 158
 ; y=144
 DCB 97, 97, 97, 98, 100, 101, 112, 112, 112, 82, 85, 85, 85, 54, 54, 54
 DCB 97, 97, 97, 98, 100, 101, 112, 112, 81, 82, 84, 85, 85, 54, 54, 54
 DCB 97, 97, 97, 97, 100, 101, 112, 112, 81, 84, 84, 85, 54, 54, 54, 53
 DCB 97, 97, 97, 97, 100, 101, 112, 112, 81, 82, 84, 85, 54, 54, 54, 54
 DCB 98, 98, 98, 98, 108, 101, 71, 71, 82, 82, 92, 54, 55, 54, 54, 23
 DCB 105, 105, 105, 105, 108, 108, 71, 89, 89, 92, 92, 92, 55, 55, 61, 23
 DCB 106, 105, 105, 106, 75, 78, 78, 89, 89, 59, 59, 62, 62, 62, 62, 31
 DCB 225, 224, 225, 75, 228, 228, 79, 208, 209, 59, 212, 63, 63, 31, 31, 31
 DCB 225, 225, 225, 195, 195, 198, 198, 209, 209, 179, 179, 182, 182, 182, 151, 151
 DCB 232, 232, 232, 195, 195, 198, 198, 216, 216, 179, 179, 182, 182, 151, 151, 151
 DCB 233, 233, 233, 202, 205, 205, 206, 216, 217, 186, 189, 189, 190, 159, 158, 158
 DCB 233, 233, 202, 203, 203, 206, 175, 175, 186, 187, 187, 190, 159, 159, 159, 159
 DCB 233, 233, 202, 203, 203, 206, 175, 175, 186, 187, 187, 190, 159, 159, 159, 159
 DCB 233, 202, 202, 202, 203, 206, 175, 175, 186, 187, 189, 159, 159, 159, 159, 158
 DCB 233, 202, 202, 202, 171, 205, 175, 175, 186, 186, 155, 159, 159, 159, 159, 158
 DCB 202, 202, 202, 202, 171, 175, 175, 175, 186, 186, 155, 159, 159, 159, 158, 158
 ; y=152
 DCB 97, 97, 97, 98, 101, 101, 112, 112, 112, 116, 85, 85, 85, 85, 54, 54
 DCB 97, 97, 97, 98, 101, 101, 112, 112, 112, 116, 85, 85, 85, 54, 54, 54
 DCB 97, 97, 97, 98, 101, 101, 112, 112, 82, 84, 85, 85, 85, 54, 54, 54
 DCB 97, 97, 98, 98, 101, 101, 112, 112, 82, 82, 85, 85, 55, 54, 54, 54
 DCB 98, 98, 98, 98, 108, 71, 71, 71, 82, 82, 92, 55, 55, 55, 55, 54
 DCB 105, 105, 105, 106, 108, 109, 120, 89, 89, 92, 92, 93, 55, 62, 62, 61
 DCB 106, 106, 106, 106, 228, 78, 79, 90, 90, 59, 212, 63, 63, 62, 62, 31
 DCB 225, 225, 225, 228, 228, 228, 79, 209, 209, 212, 212, 63, 63, 63, 31, 31
 DCB 225, 225, 225, 195, 195, 198, 198, 209, 209, 179, 182, 182, 182, 182, 151, 151
 DCB 233, 232, 233, 195, 236, 199, 199, 216, 217, 220, 220, 183, 183, 151, 151, 151
 DCB 233, 233, 233, 203, 203, 206, 206, 217, 217, 187, 190, 190, 190, 190, 159, 158
 DCB 233, 233, 203, 203, 203, 206, 206, 175, 187, 187, 190, 190, 159, 159, 159, 159
 DCB 233, 233, 203, 203, 203, 206, 175, 175, 187, 187, 190, 190, 159, 159, 159, 159
 DCB 233, 233, 203, 203, 203, 206, 175, 175, 187, 187, 190, 190, 159, 159, 159, 159
 DCB 233, 233, 202, 203, 203, 206, 175, 175, 186, 187, 190, 159, 159, 159, 159, 159
 DCB 233, 202, 202, 203, 205, 206, 175, 175, 186, 187, 189, 159, 159, 159, 159, 158
 ; y=160
 DCB 97, 97, 98, 98, 101, 101, 112, 113, 116, 116, 85, 85, 85, 85, 85, 54
 DCB 97, 97, 98, 98, 101, 101, 112, 112, 116, 116, 85, 85, 85, 85, 54, 54
 DCB 97, 97, 98, 98, 101, 101, 112, 112, 116, 116, 85, 85, 85, 85, 54, 54
 DCB 98, 98, 98, 98, 101, 102, 113, 113, 82, 83, 85, 86, 55, 55, 54, 54
 DCB 98, 98, 99, 99, 109, 102, 120, 120, 83, 83, 93, 55, 55, 55, 55, 55
 DCB 105, 106, 106, 106, 109, 109, 120, 90, 90, 93, 93, 93, 63, 62, 62, 62
 DCB 106, 106, 106, 107, 228, 79, 79, 90, 90, 212, 212, 63, 63, 63, 63, 62
 DCB 225, 225, 226, 228, 229, 229, 240, 209, 210, 212, 213, 63, 182, 182, 182, 181
 DCB 226, 226, 226, 236, 236, 199, 199, 210, 210, 220, 220, 183, 183, 182, 182, 151
 DCB 233, 233, 233, 236, 236, 199, 199, 217, 217, 220, 220, 183, 183, 190, 151, 151
 DCB 233, 233, 234, 203, 206, 206, 207, 217, 218, 187, 190, 190, 190, 190, 159, 159
 DCB 234, 234, 203, 203, 203, 206, 207, 218, 187, 187, 190, 191, 190, 159, 159, 159
 DCB 234, 233, 203, 203, 203, 206, 207, 217, 187, 187, 190, 190, 190, 159, 159, 159
 DCB 233, 233, 203, 203, 206, 206, 175, 217, 187, 187, 190, 190, 159, 159, 159, 159
 DCB 233, 233, 203, 203, 206, 206, 175, 175, 187, 187, 190, 190, 159, 159, 159, 159
 DCB 233, 233, 203, 203, 206, 206, 175, 175, 187, 187, 190, 159, 159, 159, 159, 159
 ; y=168
 DCB 97, 97, 98, 101, 101, 102, 113, 113, 116, 116, 116, 86, 86, 85, 85, 54
 DCB 97, 97, 98, 101, 101, 102, 112, 113, 116, 116, 85, 86, 85, 85, 85, 54
 DCB 97, 97, 98, 101, 101, 102, 112, 113, 116, 116, 85, 86, 85, 85, 54, 54
 DCB 98, 98, 99, 99, 102, 102, 113, 113, 83, 83, 86, 86, 55, 55, 55, 54
 DCB 105, 99, 99, 99, 109, 120, 120, 120, 83, 83, 93, 55, 55, 55, 55, 55
 DCB 106, 106, 106, 107, 109, 110, 121, 90, 90, 93, 93, 94, 63, 63, 62, 62
 DCB 106, 106, 107, 107, 229, 79, 240, 91, 91, 212, 213, 63, 63, 63, 63, 63
 DCB 225, 226, 226, 229, 229, 229, 240, 210, 210, 213, 213, 183, 182, 182, 182, 182
 DCB 226, 226, 226, 236, 236, 199, 199, 210, 210, 220, 183, 183, 183, 183, 182, 151
 DCB 233, 233, 234, 236, 237, 248, 248, 217, 218, 221, 221, 183, 190, 190, 190, 189
 DCB 234, 234, 234, 203, 237, 207, 207, 218, 218, 187, 191, 191, 191, 190, 159, 159
 DCB 234, 234, 234, 203, 207, 207, 207, 218, 187, 187, 191, 191, 191, 190, 159, 159
 DCB 234, 234, 203, 203, 206, 207, 207, 218, 187, 187, 190, 191, 190, 159, 159, 159
 DCB 234, 234, 203, 203, 206, 207, 207, 218, 187, 187, 190, 191, 190, 159, 159, 159
 DCB 233, 234, 203, 203, 206, 206, 175, 187, 187, 187, 190, 190, 159, 159, 159, 159
 DCB 233, 233, 203, 203, 206, 206, 175, 187, 187, 187, 190, 190, 159, 159, 159, 159
 ; y=176
 DCB 97, 97, 98, 101, 102, 102, 113, 113, 116, 116, 117, 86, 86, 85, 85, 85
 DCB 97, 97, 98, 101, 102, 102, 113, 113, 116, 116, 116, 86, 86, 85, 85, 85
 DCB 97, 98, 98, 101, 102, 102, 113, 113, 116, 116, 86, 86, 86, 85, 85, 54
 DCB 98, 98, 99, 99, 102, 103, 113, 114, 83, 83, 86, 86, 86, 55, 55, 55
 DCB 105, 106, 99, 99, 109, 103, 121, 121, 124, 124, 93, 94, 55, 55, 55, 55
 DCB 106, 106, 107, 107, 110, 110, 121, 91, 91, 94, 94, 94, 63, 63, 63, 62
 DCB 225, 107, 107, 107, 229, 240, 240, 91, 91, 213, 213, 63, 63, 63, 63, 63
 DCB 226, 226, 226, 229, 230, 230, 241, 210, 210, 213, 214, 183, 183, 183, 182, 182
 DCB 226, 227, 227, 236, 237, 248, 248, 211, 211, 221, 221, 183, 183, 183, 183, 183
 DCB 233, 234, 234, 237, 237, 248, 248, 218, 218, 221, 221, 191, 190, 190, 190, 190
 DCB 234, 234, 235, 237, 207, 207, 207, 218, 219, 221, 191, 191, 191, 191, 190, 159
 DCB 234, 234, 234, 203, 207, 207, 207, 218, 218, 221, 191, 191, 191, 191, 159, 159
 DCB 234, 234, 234, 203, 207, 207, 207, 218, 187, 187, 191, 191, 191, 190, 159, 159
 DCB 234, 234, 203, 203, 207, 207, 218, 218, 187, 187, 191, 191, 191, 159, 159, 159
 DCB 234, 234, 203, 203, 207, 207, 218, 218, 187, 187, 191, 191, 190, 159, 159, 159
 DCB 233, 234, 203, 203, 206, 207, 218, 187, 187, 187, 190, 191, 190, 159, 159, 159
 ; y=184
 DCB 97, 98, 98, 101, 102, 113, 113, 113, 116, 117, 117, 86, 86, 86, 85, 85
 DCB 97, 98, 98, 101, 102, 113, 113, 113, 116, 116, 117, 86, 86, 85, 85, 85
 DCB 98, 98, 99, 102, 102, 103, 113, 114, 117, 117, 86, 86, 86, 86, 86, 55
 DCB 98, 99, 99, 99, 103, 103, 114, 114, 124, 124, 87, 87, 87, 55, 55, 55
 DCB 105, 106, 99, 110, 110, 121, 121, 121, 124, 124, 94, 94, 94, 93, 55, 62
 DCB 106, 107, 107, 110, 110, 111, 122, 91, 91, 94, 94, 94, 94, 63, 63, 63
 DCB 225, 107, 107, 229, 230, 240, 241, 244, 244, 213, 214, 213, 63, 63, 63, 63
 DCB 226, 226, 227, 230, 230, 230, 241, 211, 211, 214, 214, 214, 183, 183, 183, 182
 DCB 233, 227, 227, 237, 237, 248, 248, 211, 211, 221, 221, 183, 183, 183, 183, 183
 DCB 234, 234, 235, 237, 238, 249, 249, 218, 219, 221, 222, 191, 191, 190, 190, 190
 DCB 234, 235, 235, 238, 238, 207, 207, 219, 219, 222, 191, 191, 191, 191, 191, 190
 DCB 234, 234, 235, 238, 207, 207, 218, 219, 219, 222, 191, 191, 191, 191, 190, 159
 DCB 234, 234, 235, 238, 207, 207, 218, 218, 219, 222, 191, 191, 191, 191, 190, 159
 DCB 234, 234, 235, 237, 207, 207, 218, 218, 187, 191, 191, 191, 191, 190, 159, 159
 DCB 234, 234, 203, 203, 207, 207, 218, 218, 187, 191, 191, 191, 191, 190, 159, 159
 DCB 234, 234, 203, 203, 207, 207, 218, 218, 187, 191, 191, 191, 190, 159, 159, 159
 ; y=192
 DCB 97, 98, 101, 101, 102, 113, 113, 114, 117, 117, 117, 117, 86, 86, 86, 85
 DCB 97, 98, 101, 101, 102, 113, 113, 114, 117, 117, 117, 86, 86, 86, 85, 85
 DCB 98, 98, 99, 102, 102, 103, 114, 114, 117, 117, 87, 87, 86, 86, 86, 55
 DCB 99, 99, 99, 103, 103, 103, 114, 115, 124, 124, 87, 87, 87, 87, 55, 55
 DCB 106, 106, 107, 110, 110, 121, 122, 122, 125, 125, 94, 94, 94, 94, 63, 63
 DCB 106, 107, 107, 110, 111, 111, 122, 244, 244, 95, 95, 95, 94, 63, 63, 63
 DCB 226, 226, 107, 230, 230, 241, 241, 244, 244, 214, 214, 214, 214, 213, 63, 182
 DCB 226, 227, 227, 230, 231, 231, 242, 211, 211, 214, 215, 214, 183, 183, 183, 183
 DCB 234, 227, 227, 237, 238, 249, 249, 252, 252, 222, 222, 221, 183, 183, 183, 183
 DCB 234, 235, 235, 238, 238, 249, 249, 219, 219, 222, 222, 222, 191, 191, 191, 190
 DCB 234, 235, 235, 238, 238, 207, 219, 219, 219, 222, 222, 191, 191, 191, 191, 190
 DCB 234, 235, 235, 238, 238, 207, 219, 219, 219, 222, 191, 191, 191, 191, 191, 190
 DCB 234, 235, 235, 238, 207, 207, 219, 219, 219, 222, 191, 191, 191, 191, 190, 159
 DCB 234, 235, 235, 238, 207, 207, 218, 219, 219, 222, 191, 191, 191, 191, 190, 159
 DCB 234, 235, 235, 238, 207, 207, 218, 219, 221, 191, 191, 191, 191, 190, 159, 159
 DCB 234, 234, 203, 238, 207, 207, 218, 218, 187, 191, 191, 191, 191, 190, 159, 159
 ; y=200
 DCB 98, 98, 101, 102, 102, 113, 114, 114, 117, 117, 117, 117, 86, 86, 86, 85
 DCB 98, 98, 101, 102, 102, 113, 114, 114, 117, 117, 117, 117, 86, 86, 86, 86
 DCB 98, 99, 99, 102, 103, 103, 114, 115, 118, 118, 87, 87, 87, 86, 86, 86
 DCB 99, 99, 99, 103, 103, 103, 115, 115, 125, 125, 87, 87, 87, 87, 93, 55
 DCB 106, 107, 107, 110, 111, 122, 122, 122, 125, 125, 95, 95, 94, 94, 94, 63
 DCB 107, 107, 107, 111, 111, 111, 123, 244, 244, 95, 95, 95, 95, 95, 63, 63
 DCB 226, 226, 230, 230, 230, 241, 242, 245, 245, 214, 214, 214, 214, 214, 183, 183
 DCB 227, 227, 227, 231, 231, 231, 242, 252, 252, 215, 215, 215, 214, 183, 183, 183
 DCB 234, 234, 237, 238, 238, 249, 249, 252, 252, 222, 222, 222, 222, 183, 190, 190
 DCB 234, 235, 235, 238, 239, 250, 250, 219, 219, 222, 223, 222, 191, 191, 191, 191
 DCB 235, 235, 235, 238, 239, 250, 219, 219, 219, 222, 222, 191, 191, 191, 191, 191
 DCB 235, 235, 235, 238, 239, 249, 219, 219, 222, 222, 222, 191, 191, 191, 191, 191
 DCB 235, 235, 235, 238, 238, 207, 219, 219, 222, 222, 191, 191, 191, 191, 191, 190
 DCB 235, 235, 235, 238, 207, 207, 219, 219, 222, 222, 191, 191, 191, 191, 191, 190
 DCB 235, 235, 235, 238, 207, 207, 219, 219, 222, 222, 191, 191, 191, 191, 190, 159
 DCB 234, 235, 238, 238, 207, 207, 219, 219, 222, 191, 191, 191, 191, 191, 190, 159
 ; y=208
 DCB 98, 98, 101, 102, 113, 113, 114, 117, 117, 118, 117, 117, 117, 86, 86, 86
 DCB 98, 98, 102, 102, 103, 114, 114, 115, 118, 118, 118, 117, 87, 86, 86, 86
 DCB 99, 99, 102, 103, 103, 114, 115, 115, 118, 118, 87, 87, 87, 87, 87, 86
 DCB 106, 99, 109, 103, 103, 122, 115, 115, 125, 125, 87, 87, 87, 87, 94, 93
 DCB 106, 107, 110, 111, 111, 122, 123, 123, 126, 126, 95, 95, 95, 94, 94, 63
 DCB 107, 107, 107, 111, 111, 241, 123, 245, 245, 95, 95, 95, 95, 95, 63, 63
 DCB 226, 227, 230, 230, 231, 242, 242, 245, 245, 215, 215, 214, 214, 214, 214, 183
 DCB 227, 227, 227, 231, 231, 242, 243, 252, 252, 215, 215, 215, 215, 183, 183, 183
 DCB 234, 235, 238, 238, 239, 250, 250, 253, 253, 222, 222, 222, 222, 222, 191, 190
 DCB 235, 235, 235, 239, 239, 250, 250, 219, 223, 223, 223, 223, 222, 191, 191, 191
 DCB 235, 235, 235, 239, 239, 250, 250, 219, 223, 223, 223, 222, 191, 191, 191, 191
 DCB 235, 235, 235, 239, 239, 250, 219, 219, 222, 223, 223, 222, 191, 191, 191, 191
 DCB 235, 235, 238, 238, 239, 250, 219, 219, 222, 223, 222, 191, 191, 191, 191, 191
 DCB 235, 235, 238, 238, 239, 249, 219, 219, 222, 222, 222, 191, 191, 191, 191, 190
 DCB 235, 235, 238, 238, 207, 249, 219, 219, 222, 222, 191, 191, 191, 191, 191, 190
 DCB 235, 235, 238, 238, 207, 207, 219, 219, 222, 222, 191, 191, 191, 191, 190, 159
 ; y=216
 DCB 98, 101, 101, 102, 113, 113, 114, 117, 118, 118, 118, 117, 117, 117, 86, 86
 DCB 98, 99, 102, 102, 103, 114, 114, 115, 118, 118, 118, 118, 87, 87, 86, 86
 DCB 99, 99, 103, 103, 103, 115, 115, 115, 119, 119, 118, 87, 87, 87, 87, 87
 DCB 106, 99, 110, 110, 121, 122, 122, 125, 126, 126, 126, 125, 94, 94, 94, 94
 DCB 107, 107, 110, 111, 111, 122, 123, 123, 126, 126, 95, 95, 95, 95, 94, 94
 DCB 107, 107, 230, 111, 111, 242, 123, 245, 245, 245, 95, 95, 95, 214, 214, 213
 DCB 227, 227, 230, 231, 231, 242, 243, 246, 246, 215, 215, 215, 215, 214, 214, 183
 DCB 227, 227, 231, 231, 231, 243, 243, 253, 253, 215, 215, 215, 215, 215, 183, 183
 DCB 234, 235, 238, 239, 239, 250, 250, 253, 253, 223, 223, 222, 222, 222, 191, 191
 DCB 235, 235, 238, 239, 239, 250, 250, 253, 223, 223, 223, 223, 222, 191, 191, 191
 DCB 235, 235, 238, 239, 239, 250, 250, 219, 223, 223, 223, 223, 222, 191, 191, 191
 DCB 235, 235, 238, 239, 239, 250, 250, 219, 223, 223, 223, 222, 191, 191, 191, 191
 DCB 235, 235, 238, 239, 239, 250, 219, 219, 223, 223, 223, 222, 191, 191, 191, 191
 DCB 235, 235, 238, 239, 239, 250, 219, 219, 223, 223, 222, 191, 191, 191, 191, 191
 DCB 235, 235, 238, 239, 239, 250, 219, 219, 222, 223, 222, 191, 191, 191, 191, 190
 DCB 235, 235, 238, 238, 249, 219, 219, 219, 222, 222, 191, 191, 191, 191, 191, 190
 ; y=224
 DCB 98, 101, 102, 102, 113, 114, 114, 117, 118, 118, 118, 118, 117, 117, 86, 86
 DCB 99, 99, 102, 103, 114, 114, 115, 118, 118, 119, 118, 118, 118, 87, 87, 86
 DCB 99, 99, 103, 103, 103, 115, 115, 115, 119, 119, 119, 87, 87, 87, 87, 87
 DCB 107, 110, 110, 111, 122, 122, 123, 126, 126, 126, 126, 126, 95, 95, 94, 94
 DCB 107, 107, 111, 111, 111, 123, 123, 123, 127, 127, 126, 95, 95, 95, 95, 95
 DCB 226, 229, 230, 230, 242, 242, 242, 246, 246, 246, 246, 215, 214, 214, 214, 214
 DCB 227, 227, 231, 231, 231, 243, 243, 246, 246, 246, 215, 215, 215, 215, 214, 183
 DCB 227, 237, 238, 231, 249, 250, 243, 253, 253, 253, 215, 215, 215, 222, 222, 221
 DCB 235, 235, 238, 239, 239, 250, 251, 254, 254, 223, 223, 223, 223, 222, 222, 191
 DCB 235, 235, 239, 239, 239, 251, 251, 254, 254, 223, 223, 223, 223, 222, 191, 191
 DCB 235, 235, 239, 239, 239, 251, 251, 254, 223, 223, 223, 223, 223, 191, 191, 191
 DCB 235, 235, 239, 239, 239, 250, 251, 254, 223, 223, 223, 223, 222, 191, 191, 191
 DCB 235, 235, 239, 239, 239, 250, 251, 253, 223, 223, 223, 223, 191, 191, 191, 191
 DCB 235, 235, 239, 239, 250, 250, 219, 219, 223, 223, 223, 222, 191, 191, 191, 191
 DCB 235, 235, 239, 239, 250, 250, 219, 219, 223, 223, 223, 222, 191, 191, 191, 191
 DCB 235, 235, 239, 239, 250, 250, 219, 219, 223, 223, 222, 191, 191, 191, 191, 191
 ; y=232
 DCB 98, 102, 102, 102, 114, 114, 117, 118, 118, 118, 118, 118, 118, 117, 117, 86
 DCB 99, 102, 103, 103, 114, 115, 115, 118, 119, 119, 119, 118, 118, 87, 87, 87
 DCB 99, 109, 103, 103, 121, 115, 115, 119, 119, 119, 119, 119, 87, 87, 87, 87
 DCB 107, 110, 110, 111, 122, 122, 123, 126, 127, 127, 126, 126, 95, 95, 95, 94
 DCB 107, 107, 111, 111, 123, 123, 123, 127, 127, 127, 127, 95, 95, 95, 95, 95
 DCB 227, 230, 230, 231, 242, 242, 243, 246, 246, 246, 246, 246, 215, 215, 214, 214
 DCB 227, 227, 231, 231, 242, 243, 243, 247, 247, 247, 215, 215, 215, 215, 215, 215
 DCB 235, 238, 238, 239, 250, 250, 251, 254, 254, 254, 254, 223, 222, 222, 222, 222
 DCB 235, 238, 239, 239, 250, 251, 251, 254, 254, 254, 223, 223, 223, 223, 222, 191
 DCB 235, 238, 239, 239, 250, 251, 251, 254, 254, 223, 223, 223, 223, 223, 222, 191
 DCB 235, 238, 239, 239, 250, 251, 251, 254, 254, 223, 223, 223, 223, 222, 191, 191
 DCB 235, 238, 239, 239, 250, 251, 251, 254, 223, 223, 223, 223, 223, 222, 191, 191
 DCB 235, 238, 239, 239, 250, 251, 251, 254, 223, 223, 223, 223, 222, 191, 191, 191
 DCB 235, 238, 239, 239, 250, 250, 251, 254, 223, 223, 223, 223, 222, 191, 191, 191
 DCB 235, 238, 239, 239, 250, 250, 219, 223, 223, 223, 223, 222, 191, 191, 191, 191
 DCB 235, 238, 239, 239, 250, 250, 219, 223, 223, 223, 223, 222, 191, 191, 191, 191
 ; y=240
 DCB 99, 102, 102, 103, 114, 114, 118, 118, 118, 118, 118, 118, 118, 118, 118, 87
 DCB 99, 102, 103, 103, 114, 115, 115, 119, 119, 119, 119, 119, 118, 118, 87, 87
 DCB 99, 110, 103, 103, 122, 115, 125, 126, 119, 119, 119, 126, 126, 125, 87, 87
 DCB 107, 110, 111, 111, 122, 123, 123, 126, 127, 127, 127, 126, 126, 95, 95, 95
 DCB 107, 111, 111, 111, 123, 123, 123, 127, 127, 127, 127, 127, 95, 95, 95, 95
 DCB 227, 230, 231, 231, 242, 243, 243, 246, 247, 246, 246, 246, 215, 215, 215, 214
 DCB 227, 231, 231, 231, 243, 243, 243, 247, 247, 247, 247, 215, 215, 215, 215, 215
 DCB 235, 238, 238, 239, 250, 251, 251, 254, 254, 254, 254, 223, 223, 222, 222, 222
 DCB 235, 238, 239, 239, 251, 251, 251, 254, 255, 254, 223, 223, 223, 223, 223, 222
 DCB 235, 238, 239, 239, 251, 251, 251, 254, 255, 254, 223, 223, 223, 223, 222, 191
 DCB 235, 238, 239, 239, 251, 251, 251, 254, 254, 223, 223, 223, 223, 223, 222, 191
 DCB 235, 238, 239, 239, 251, 251, 251, 254, 254, 223, 223, 223, 223, 222, 191, 191
 DCB 235, 238, 239, 239, 251, 251, 251, 254, 223, 223, 223, 223, 223, 222, 191, 191
 DCB 235, 238, 239, 239, 251, 251, 251, 254, 223, 223, 223, 223, 222, 191, 191, 191
 DCB 235, 238, 239, 239, 250, 251, 254, 254, 223, 223, 223, 223, 222, 191, 191, 191
 DCB 235, 238, 239, 239, 250, 251, 253, 223, 223, 223, 223, 222, 191, 191, 191, 191
 ; y=248
 DCB 102, 102, 103, 114, 114, 115, 118, 118, 119, 119, 119, 119, 118, 118, 118, 87
 DCB 99, 103, 103, 103, 115, 115, 115, 119, 119, 119, 119, 119, 119, 119, 87, 87
 DCB 110, 110, 110, 122, 122, 123, 126, 126, 126, 126, 126, 126, 126, 126, 125, 95
 DCB 107, 111, 111, 111, 123, 123, 126, 127, 127, 127, 127, 127, 126, 95, 95, 95
 DCB 229, 230, 111, 241, 242, 123, 246, 246, 127, 127, 246, 246, 246, 95, 95, 95
 DCB 227, 230, 231, 231, 242, 243, 246, 247, 247, 247, 247, 246, 215, 215, 215, 215
 DCB 227, 231, 231, 231, 243, 243, 253, 247, 247, 247, 247, 253, 215, 215, 215, 215
 DCB 235, 238, 239, 250, 250, 251, 254, 254, 255, 254, 254, 254, 223, 223, 223, 222
 DCB 235, 239, 239, 239, 251, 251, 251, 255, 255, 255, 254, 223, 223, 223, 223, 222
 DCB 235, 239, 239, 239, 251, 251, 251, 255, 255, 254, 223, 223, 223, 223, 223, 222
 DCB 235, 239, 239, 239, 251, 251, 251, 255, 255, 254, 223, 223, 223, 223, 222, 191
 DCB 235, 239, 239, 239, 251, 251, 254, 254, 254, 223, 223, 223, 223, 223, 222, 191
 DCB 235, 239, 239, 239, 251, 251, 254, 254, 254, 223, 223, 223, 223, 223, 191, 191
 DCB 235, 239, 239, 239, 251, 251, 254, 254, 223, 223, 223, 223, 223, 222, 191, 191
 DCB 235, 239, 239, 239, 251, 251, 254, 254, 223, 223, 223, 223, 223, 191, 191, 191
 DCB 235, 239, 239, 239, 251, 251, 254, 254, 223, 223, 223, 223, 222, 191, 191, 191


 END
